5000 50 0.961838 0.9612 0 0 0.0196078 0
5000 50 0.962778 0.961 0.0217391 0.0192308 0.0869565 0
5000 50 0.951703 0.949 0.0444444 0 0.0444444 0
5000 50 0.954218 0.9542 0 0 0 0
5000 50 0.95347 0.9502 0.0243902 0.047619 0.0487805 0
5000 50 0.962215 0.9626 0.0204082 0.0212766 0.0408163 0
5000 50 0.961415 0.9608 0 0 0.0392157 0
5000 50 0.967007 0.9666 0 0 0 0
5000 50 0.908071 0.906 0.0384615 0.0178571 0.0384615 0
5000 50 0.92317 0.9208 0 0.046875 0 0
6000 50 0.931811 0.931667 0 0.0327869 0 0
6000 50 0.910985 0.9105 0.0454545 0.0166667 0.0151515 0
6000 50 0.940313 0.939833 0.0142857 0 0 0
6000 50 0.961193 0.960167 0 0 0.031746 0
6000 50 0.944324 0.944167 0 0 0 0
6000 50 0.96118 0.9605 0 0 0 0
6000 50 0.9675 1 1 1 0.0227273 0
6000 50 0.935037 0.932667 0 0.0140845 0.0185185 0
6000 50 0.961679 0.960833 0 0 0 0
6000 50 0.912594 0.911167 0 0.046875 0.0192308 0
7000 50 0.838631 0.836857 0.0140845 0.0941176 0 0
7000 50 0.951924 0.950143 0.0138889 0 0 0
7000 50 0.962154 0.961143 0 0.0149254 0.0144928 0
7000 50 0.959458 0.959429 0.0126582 0.03125 0.0126582 0
7000 50 0.958881 0.958714 0.0125 0.0153846 0 0
7000 50 0.947113 0.947 0.0232558 0.0136986 0.0116279 0
7000 50 0.942878 0.942429 0.030303 0.0238095 0 0
7000 50 0.931044 0.929857 0.0153846 0 0 0
7000 50 0.961593 0.961571 0 0 0 0
7000 50 0.963883 0.964 0 0 0 0
8000 50 0.964919 0.96475 0 0 0 0
8000 50 0.924068 0.923625 0.0107527 0.0235294 0 0
8000 50 0.961452 0.96175 0.0117647 0.015873 0 0
8000 50 0.948978 0.946375 0.0105263 0.019802 0.0210526 0
8000 50 0.946112 0.945375 0.0326087 0 0.0217391 0
8000 50 0.953244 0.952625 0.0113636 0 0.0113636 0
8000 50 0.952976 0.95125 0.0224719 0 0.0224719 0
8000 50 0.962389 0.962125 0 0 0 0
8000 50 0.96363 0.964375 0.0147059 0.0384615 0 0
8000 50 0.939314 0.93775 0 0 0 0
9000 50 0.962346 0.962444 0.0119048 0 0 0
9000 50 0.964492 0.965111 0.012987 0.012987 0 0
9000 50 0.963798 0.963333 0 0 0.025 0
9000 50 0.963897 0.963778 0 0 0.0131579 0
9000 50 0.951274 0.950556 0.030303 0.01 0.010101 0
9000 50 0.960945 0.961222 0.0105263 0.0131579 0.0105263 0
9000 50 0.938639 0.938 0 0 0.00990099 0
9000 50 0.960453 0.960222 0.0106383 0.0114943 0.0212766 0
9000 50 0.962243 0.961444 0 0.0119048 0.0224719 0
9000 50 0.920547 0.919556 0 0.0111111 0.0222222 0
10000 50 0.948582 0.9467 0.0105263 0.0165289 0.0105263 0
10000 50 0.96656 0.967 0.0235294 0 0.0117647 0
10000 50 0.948659 0.9489 0.0258621 0.00943396 0 0
10000 50 0.934347 0.9335 0 0.0188679 0 0
10000 50 0.959269 0.9591 0.0169492 0 0.0254237 0
10000 50 0.95046 0.9496 0.0105263 0 0.0105263 0
10000 50 0.961127 0.9613 0.029703 0 0.019802 0
10000 50 0.958933 0.9585 0.00854701 0.021978 0.042735 0
10000 50 0.96175 0.9622 0.0196078 0.0116279 0.0196078 0
10000 50 0.961016 0.9612 0 0 0 0
5000 100 0.962615 0.9624 0 0 0 0
5000 100 0.962215 0.9616 0 0 0.0208333 0
5000 100 0.960655 0.9614 0.0188679 0 0 0
5000 100 0.828623 0.827 0.0465116 0.0833333 0.0232558 0
5000 100 0.9998 0.9576 0.0181818 0 1 0
5000 100 0.937387 0.937 0.0634921 0 0 0
5000 100 0.905067 0.9032 0 0 0 0
5000 100 0.878952 0.879 0.0212766 0.0392157 0.0212766 0
5000 100 0.84976 0.8482 0 0.0877193 0.015625 0
5000 100 0.853171 0.854 0.0526316 0.06 0 0
6000 100 0.871782 0.868333 0.0545455 0.038961 0 0
6000 100 0.842035 0.841667 0.0322581 0.09375 0 0
6000 100 0.930097 0.928167 0 0 0.0188679 0
6000 100 0.880487 0.879167 0 0.0588235 0 0
6000 100 0.962667 1 1 1 0 0
6000 100 0.944677 0.941333 0.0217391 0 0 0
6000 100 0.924579 0.923167 0.0408163 0.0151515 0 0
6000 100 0.965023 0.965 0 0 0 0
6000 100 0.959207 0.958667 0.0273973 0 0.0410959 0
6000 100 0.963346 0.963 0.0181818 0.0175439 0.0181818 0
7000 100 0.962466 0.962143 0.0142857 0.016129 0.0285714 0
7000 100 0.960143 0.999143 0.959459 0.956522 0.027027 0
7000 100 0.96651 0.966571 0 0 0 0
7000 100 0.964311 0.963714 0 0.015625 0.031746 0
7000 100 0.963074 0.962857 0 0 0 0
7000 100 0.961297 0.960429 0 0 0.0140845 0
7000 100 0.897425 0.896 0.030303 0.0759494 0 0
7000 100 0.883093 0.882857 0.0508475 0.0555556 0 0
7000 100 0.965635 0.965429 0 0 0.0169492 0
7000 100 0.963592 0.963714 0.016129 0.0153846 0 0
8000 100 0.9615 1 1 1 0 0
8000 100 0.934951 0.934375 0.0238095 0.0117647 0.0357143 0
8000 100 0.957415 0.95575 0.0131579 0 0 0
8000 100 0.905167 0.904 0 0.0232558 0.0144928 0
8000 100 0.962134 0.962125 0 0.012987 0 0
8000 100 0.943755 0.9405 0.0208333 0 0.0416667 0
8000 100 0.960539 0.960125 0 0 0.0117647 0
8000 100 0.960095 0.96025 0.0108696 0.0166667 0 0
8000 100 0.96288 0.962875 0 0.0128205 0.0138889 0
8000 100 0.88989 0.889 0.0120482 0.0114943 0.0120482 0
9000 100 0.96112 0.961222 0.0113636 0 0 0
9000 100 0.96492 0.964778 0 0.0123457 0 0
9000 100 0.959351 0.959222 0 0.0470588 0.029703 0
9000 100 0.91536 0.914 0.0315789 0.0204082 0.0315789 0
9000 100 0.949655 0.95 0.0232558 0.021978 0.0116279 0
9000 100 0.946572 0.944667 0.029703 0 0 0
9000 100 0.908272 0.908 0.0206186 0.0526316 0.0103093 0
9000 100 0.941739 0.941111 0.0136986 0 0 0
9000 100 0.941713 0.941 0 0.020202 0 0
9000 100 0.963679 0.964111 0 0.0348837 0.0128205 0
10000 100 0.893794 0.8925 0.0280374 0.037037 0.00934579 0
10000 100 0.960036 0.9598 0 0 0.00934579 0
10000 100 0.923208 0.9226 0.0243902 0.0181818 0 0
10000 100 0.919127 0.9188 0.00952381 0.0373832 0 0
10000 100 0.92925 0.929 0.0363636 0.047619 0.0272727 0
10000 100 0.960712 0.9605 0.0196078 0 0.00980392 0
10000 100 0.960228 0.9603 0.00952381 0 0.00952381 0
10000 100 0.95982 0.9597 0.00925926 0.0106383 0 0
10000 100 0.948207 0.9466 0.021978 0.0258621 0 0
10000 100 0.960332 0.9601 0.00917431 0.021978 0.00917431 0
5000 150 0.851503 0.8494 0.0517241 0.0677966 0 0
5000 150 0.966247 0.9662 0 0 0 0
5000 150 0.960455 0.9608 0.0181818 0.0238095 0.0181818 0
5000 150 0.886955 0.8858 0 0.0196078 0.0188679 0
5000 150 0.855282 0.8534 0.0655738 0.0833333 0 0
5000 150 0.932719 0.9308 0 0 0 0
5000 150 0.904524 0.9036 0.025641 0 0.025641 0
5000 150 0.9998 0.9618 0 0.0196078 1 0
5000 150 0.962615 0.9612 0 0 0.04 0
5000 150 0.932546 0.9316 0.0416667 0 0.0208333 0
6000 150 0.962217 0.961 0.015873 0 0.015873 0
6000 150 0.885309 0.883333 0.0491803 0.0724638 0.0327869 0
6000 150 0.817409 0.816667 0.0192308 0.112903 0.0384615 0
6000 150 0.895799 0.895333 0.0136986 0.0491803 0 0
6000 150 0.842123 0.841667 0.0142857 0.0746269 0 0
6000 150 0.84193 0.840667 0.047619 0.117647 0 0
6000 150 0.96018 0.96 0 0.0175439 0.03125 0
6000 150 0.90982 0.908 0 0.0140845 0 0
6000 150 0.962537 0.963167 0.0344828 0 0.0172414 0
6000 150 0.960507 0.9605 0 0 0 0
7000 150 0.774567 0.773 0.0289855 0.166667 0.0144928 0
7000 150 0.965173 0.965143 0 0.015873 0 0
7000 150 0.936901 0.935714 0.0133333 0.025 0.0133333 0
7000 150 0.860558 0.858429 0 0.107143 0 0
7000 150 0.914821 0.914143 0.0428571 0.0277778 0.0142857 0
7000 150 0.928684 0.927714 0.0175439 0 0.0175439 0
7000 150 0.964316 0.964286 0.0322581 0 0 0
7000 150 0.866858 0.865143 0.0151515 0.047619 0.030303 0
7000 150 0.876697 0.874571 0 0.0428571 0.0166667 0
7000 150 0.917834 0.917571 0.0571429 0.0140845 0 0
8000 150 0.896948 0.896 0 0.0240964 0 0
8000 150 0.902915 0.90225 0.0813953 0.0348837 0.0116279 0
8000 150 0.863106 0.859875 0.0612245 0.0594059 0.0408163 0
8000 150 0.966896 0.966875 0 0.0135135 0.0175439 0
8000 150 0.922884 0.921625 0.0422535 0.032967 0.0140845 0
8000 150 0.96041 0.960625 0.0119048 0 0 0
8000 150 0.961418 0.961625 0.0243902 0.0142857 0 0
8000 150 0.916886 0.91525 0 0.0666667 0 0
8000 150 0.923135 0.921 0.0609756 0.032967 0.0243902 0
8000 150 0.875611 0.87425 0.0222222 0.114583 0 0
9000 150 0.921922 0.920778 0.0326087 0.0306122 0.0217391 0
9000 150 0.861973 0.861889 0.0519481 0.0612245 0 0
9000 150 0.962 0.999778 0.988095 0.988764 0.0119048 0
9000 150 0.959356 0.959222 0.01 0.0119048 0.01 0
9000 150 0.944976 0.944333 0.0229885 0.0107527 0.0114943 0
9000 150 0.918288 0.916444 0.0266667 0.0425532 0.0133333 0
9000 150 0.962346 0.962222 0.0117647 0.0116279 0 0
9000 150 0.922102 0.922444 0.0674157 0.0333333 0.0224719 0
9000 150 0.963564 0.963 0 0.0114943 0.0125 0
9000 150 0.96448 0.964778 0.025641 0 0.0128205 0
10000 150 0.963555 0.9632 0 0.0119048 0.0106383 0
10000 150 0.90002 0.899 0 0.0566038 0.00952381 0
10000 150 0.963 1 1 1 0.011236 0
10000 150 0.958 0.9998 0.990991 0.989899 0 0
10000 150 0.86906 0.8673 0.0291262 0.0806452 0 0
10000 150 0.915124 0.9137 0.00952381 0.0373832 0.0190476 0
10000 150 0.902441 0.902 0.0434783 0.00961538 0 0
10000 150 0.9625 0.9996 0.98913 0.979798 0.0108696 0
10000 150 0.960228 0.9602 0.00943396 0 0.00943396 0
10000 150 0.917317 0.9158 0.0106383 0.0462963 0.0319149 0
5000 200 0.965056 0.9648 0.0222222 0 0.0222222 0
5000 200 0.820677 0.8178 0.0277778 0.103448 0.0277778 0
5000 200 0.841642 0.8408 0.0392157 0.0925926 0 0
5000 200 0.960048 0.9596 0 0 0 0
5000 200 0.959233 0.9598 0.0181818 0 0 0
5000 200 0.959648 0.959 0.0172414 0 0.0344828 0
5000 200 0.961515 0.962 0.0350877 0 0.0175439 0
5000 200 0.9652 0.9996 0.974359 0.979592 0 0
5000 200 0.957859 0.9562 0 0 0.046875 0
5000 200 0.96303 0.9628 0 0 0 0
6000 200 0.960879 0.961333 0 0 0 0
6000 200 0.962698 0.962333 0 0 0 0
6000 200 0.962192 0.963167 0.0175439 0.0363636 0 0
6000 200 0.927522 0.924833 0.0175439 0 0 0
6000 200 0.657776 0.657833 0.0724638 0.2 0.0289855 0
6000 200 0.962173 0.961833 0 0.0344828 0.0172414 0
6000 200 0.965362 0.965167 0 0 0 0
6000 200 0.964006 0.964167 0.0188679 0.0517241 0.0188679 0
6000 200 0.929382 0.928167 0.0196078 0.0289855 0 0
6000 200 0.78013 0.7805 0.057971 0.0833333 0.0144928 0
7000 200 0.929418 0.929429 0.0595238 0 0.0119048 0
7000 200 0.961495 0.961 0 0.0526316 0.012987 0
7000 200 0.958744 0.959 0 0.015625 0 0
7000 200 0.964632 0.964571 0.031746 0 0.015873 0
7000 200 0.651825 0.651 0.0133333 0.261905 0.0266667 0
7000 200 0.906907 0.905714 0.037037 0.0394737 0.0185185 0
7000 200 0.917299 0.916714 0.119403 0 0 0
7000 200 0.792197 0.791 0.0547945 0.111111 0.0136986 0
7000 200 0.703418 0.702571 0.0357143 0.184211 0 0
7000 200 0.963898 0.964 0.0307692 0.0163934 0.0153846 0
8000 200 0.830498 0.83 0.032967 0.0823529 0 0
8000 200 0.962269 0.96225 0.0131579 0 0.0131579 0
8000 200 0.957625 1 1 1 0 0
8000 200 0.784666 0.78225 0.0394737 0.165138 0.0131579 0
8000 200 0.961044 0.96125 0.0120482 0.0142857 0 0
8000 200 0.936359 0.936375 0.025641 0.0123457 0 0
8000 200 0.893636 0.892375 0.0133333 0.0618557 0 0
8000 200 0.959497 0.958875 0 0 0.0204082 0
8000 200 0.96343 0.963 0 0.0149254 0 0
8000 200 0.963639 0.963875 0.0285714 0 0.0142857 0
9000 200 0.961342 0.960556 0 0 0 0
9000 200 0.960671 0.959889 0.0106383 0 0.0212766 0
9000 200 0.962222 0.999778 0.987952 0.988764 0 0
9000 200 0.847215 0.846111 0.040404 0.0833333 0.020202 0
9000 200 0.958602 0.958333 0.00943396 0 0.00943396 0
9000 200 0.921632 0.921 0.0151515 0.0107527 0 0
9000 200 0.959116 0.959889 0.0102041 0.0454545 0.0102041 0
9000 200 0.960138 0.960333 0.0105263 0.0120482 0 0
9000 200 0.882085 0.882667 0.0543478 0.032967 0 0
9000 200 0.958185 0.958556 0.0183486 0 0.00917431 0
10000 200 0.9647 1 1 1 0 0
10000 200 0.96632 0.9667 0.0266667 0.0107527 0 0
10000 200 0.964635 0.9644 0.0116279 0 0.0116279 0
10000 200 0.914715 0.9137 0.0103093 0.0648148 0.0206186 0
10000 200 0.920892 0.9198 0.00925926 0.02 0.0185185 0
10000 200 0.81265 0.8122 0.042735 0.0943396 0.017094 0
10000 200 0.823335 0.8215 0.0227273 0.106195 0.0227273 0
10000 200 0.95992 0.9595 0 0 0.00943396 0
10000 200 0.959816 0.9604 0.00952381 0.0210526 0 0
10000 200 0.959596 0.9594 0.0186916 0.02 0.00934579 0
