0.002 0.002 0.983925 0.9838 0 0 0 0
0.002 0.002 0.986513 0.9864 0 0 0 0
0.002 0.002 0.988275 0.9882 0 0 0 0
0.002 0.002 0.984524 0.9844 0 0 0 0
0.002 0.002 0.984114 0.984 0 0 0 0
0.002 0.002 0.992859 0.9928 0 0 0 0
0.002 0.002 0.987302 0.9872 0 0 0 0
0.002 0.002 0.98631 0.9862 0 0 0 0
0.002 0.002 0.984332 0.984 0 0 0.0769231 0
0.002 0.002 0.986122 0.986 0 0 0 0
0.002 0.004 0.979572 0.9794 0 0 0 0
0.002 0.004 0.982533 0.9828 0 0.0909091 0 0
0.002 0.004 0.982748 0.9826 0 0 0 0
0.002 0.004 0.983932 0.9842 0 0.125 0 0
0.002 0.004 0.979746 0.9794 0 0 0 0
0.002 0.004 0.979559 0.9794 0 0 0 0
0.002 0.004 0.977765 0.9776 0 0 0 0
0.002 0.004 0.982146 0.982 0 0 0 0
0.002 0.004 0.981937 0.9818 0 0 0 0
0.002 0.004 0.981529 0.9814 0 0 0 0
0.002 0.006 0.971389 0.9716 0 0.0625 0 0
0.002 0.006 0.977734 0.978 0 0.0526316 0 0
0.002 0.006 0.977782 0.9776 0 0 0 0
0.002 0.006 0.975992 0.9754 0 0 0.030303 0
0.002 0.006 0.975402 0.9754 0 0 0 0
0.002 0.006 0.98193 0.9818 0 0 0 0
0.002 0.006 0.980762 0.9806 0 0 0 0
0.002 0.006 0.976767 0.9766 0 0 0 0
0.002 0.006 0.97776 0.9776 0 0 0 0
0.002 0.006 0.97501 0.9748 0.0277778 0 0.0277778 0
0.002 0.008 0.977367 0.977 0 0 0 0
0.002 0.008 0.972195 0.9718 0 0 0 0
0.002 0.008 0.97697 0.9768 0 0 0 0
0.002 0.008 0.97322 0.973 0.0243902 0 0.0243902 0
0.002 0.008 0.975803 0.9756 0 0 0 0
0.002 0.008 0.973789 0.974 0.0285714 0 0 0
0.002 0.008 0.971219 0.971 0 0 0 0
0.002 0.008 0.975411 0.9752 0 0 0 0
0.002 0.008 0.974201 0.974 0 0 0 0
0.002 0.008 0.97499 0.9752 0.0285714 0 0 0
0.002 0.01 0.972432 0.9726 0.0217391 0 0 0
0.002 0.01 0.972426 0.9718 0 0 0.0217391 0
0.002 0.01 0.973987 0.9736 0.0263158 0 0.0263158 0
0.002 0.01 0.970781 0.9712 0.0487805 0 0 0
0.002 0.01 0.969457 0.9688 0 0 0.02 0
0.002 0.01 0.967057 0.9658 0 0 0.0350877 0
0.002 0.01 0.971588 0.971 0 0 0.025 0
0.002 0.01 0.971429 0.9708 0 0 0.0196078 0
0.002 0.01 0.969457 0.969 0 0 0 0
0.002 0.01 0.970034 0.9696 0 0 0 0
0.004 0.002 0.98329 0.9836 0 0.0454545 0 0
0.004 0.002 0.984891 0.9848 0 0 0 0
0.004 0.002 0.985092 0.985 0 0 0 0
0.004 0.002 0.979689 0.9796 0 0 0 0
0.004 0.002 0.984701 0.9846 0 0 0 0
0.004 0.002 0.980494 0.9804 0 0 0 0
0.004 0.002 0.982495 0.9828 0 0.0454545 0 0
0.004 0.002 0.980685 0.9806 0 0 0 0
0.004 0.002 0.982937 0.983 0 0 0 0
0.004 0.002 0.981485 0.9814 0 0 0 0
0.004 0.004 0.979948 0.9798 0 0 0 0
0.004 0.004 0.979908 0.9794 0 0 0 0
0.004 0.004 0.980111 0.9804 0 0.047619 0 0
0.004 0.004 0.980922 0.9812 0 0.0588235 0 0
0.004 0.004 0.977105 0.9772 0 0 0 0
0.004 0.004 0.979697 0.9796 0.0416667 0 0 0
0.004 0.004 0.980903 0.9804 0 0 0.0416667 0
0.004 0.004 0.979908 0.9798 0 0 0 0
0.004 0.004 0.978109 0.9778 0.05 0 0 0
0.004 0.004 0.985101 0.985 0.0454545 0 0.0454545 0
0.004 0.006 0.97509 0.9754 0 0.0322581 0 0
0.004 0.006 0.976337 0.9762 0 0 0 0
0.004 0.006 0.975323 0.9752 0 0 0 0
0.004 0.006 0.970787 0.9706 0 0 0 0
0.004 0.006 0.97753 0.9774 0.0434783 0 0 0
0.004 0.006 0.974965 0.9748 0 0 0 0
0.004 0.006 0.971571 0.9708 0 0 0.025641 0
0.004 0.006 0.978334 0.9782 0 0 0 0
0.004 0.006 0.97278 0.9726 0 0 0 0
0.004 0.006 0.97493 0.9748 0 0 0 0
0.004 0.008 0.97391 0.974 0 0 0 0
0.004 0.008 0.965188 0.9642 0 0 0 0
0.004 0.008 0.973172 0.9724 0.027027 0 0.0540541 0
0.004 0.008 0.969197 0.969 0 0 0 0
0.004 0.008 0.969396 0.9698 0.0222222 0 0 0
0.004 0.008 0.971326 0.971 0 0 0 0
0.004 0.008 0.966428 0.966 0.0185185 0 0.0185185 0
0.004 0.008 0.967825 0.9682 0.04 0 0 0
0.004 0.008 0.971951 0.9722 0.0243902 0 0 0
0.004 0.008 0.972758 0.9722 0 0 0 0
0.004 0.01 0.964811 0.9646 0 0 0 0
0.004 0.01 0.976186 0.976 0 0 0 0
0.004 0.01 0.965572 0.9666 0.0769231 0 0.0192308 0
0.004 0.01 0.96898 0.9682 0.0217391 0 0.0434783 0
0.004 0.01 0.967389 0.967 0 0 0 0
0.004 0.01 0.966614 0.966 0.0185185 0 0.037037 0
0.004 0.01 0.967967 0.9672 0 0 0.0357143 0
0.004 0.01 0.971769 0.972 0.04 0 0.02 0
0.004 0.01 0.963966 0.9646 0.0188679 0 0 0
0.004 0.01 0.966773 0.967 0 0.0434783 0 0
0.006 0.002 0.980084 0.98 0 0 0 0
0.006 0.002 0.980068 0.9804 0 0.03125 0 0
0.006 0.002 0.978876 0.9788 0 0 0 0
0.006 0.002 0.97784 0.9778 0 0 0 0
0.006 0.002 0.982512 0.9824 0 0 0 0
0.006 0.002 0.980283 0.9806 0 0.0357143 0 0
0.006 0.002 0.982491 0.9824 0 0 0 0
0.006 0.002 0.981666 0.9816 0 0 0 0
0.006 0.002 0.979449 0.9794 0 0 0 0
0.006 0.002 0.980658 0.9806 0 0 0 0
0.006 0.004 0.975493 0.9754 0 0 0 0
0.006 0.004 0.97891 0.9788 0 0 0 0
0.006 0.004 0.973328 0.9738 0.0333333 0 0 0
0.006 0.004 0.983688 0.9836 0 0 0 0
0.006 0.004 0.979104 0.979 0 0 0 0
0.006 0.004 0.972843 0.9726 0 0 0 0
0.006 0.004 0.976513 0.976 0 0 0 0
0.006 0.004 0.977521 0.9782 0 0.0909091 0 0
0.006 0.004 0.976067 0.9756 0 0 0.0526316 0
0.006 0.004 0.983078 0.983 0 0 0 0
0.006 0.006 0.974369 0.9746 0 0.0625 0 0
0.006 0.006 0.972477 0.9722 0 0 0 0
0.006 0.006 0.972742 0.9726 0 0 0 0
0.006 0.006 0.971326 0.971 0 0 0.0285714 0
0.006 0.006 0.975503 0.9754 0 0 0 0
0.006 0.006 0.973344 0.9732 0 0 0 0
0.006 0.006 0.973721 0.9736 0 0 0 0
0.006 0.006 0.977495 0.9776 0 0 0 0
0.006 0.006 0.969926 0.9694 0 0 0 0
0.006 0.006 0.976494 0.9764 0 0 0 0
0.006 0.008 0.970951 0.9712 0.0208333 0 0 0
0.006 0.008 0.974492 0.9744 0 0 0 0
0.006 0.008 0.965359 0.9652 0 0 0 0
0.006 0.008 0.966919 0.9666 0 0 0 0
0.006 0.008 0.96995 0.9702 0.025 0 0 0
0.006 0.008 0.968744 0.9684 0 0.0384615 0.0232558 0
0.006 0.008 0.970131 0.97 0 0 0 0
0.006 0.008 0.969347 0.9694 0 0.04 0 0
0.006 0.008 0.968713 0.9698 0.025641 0.0645161 0 0
0.006 0.008 0.97136 0.9708 0 0 0.0263158 0
0.006 0.01 0.965744 0.9656 0.0204082 0 0 0
0.006 0.01 0.963575 0.9632 0 0 0 0
0.006 0.01 0.962956 0.963 0.0178571 0 0 0
0.006 0.01 0.963553 0.9624 0 0 0.0357143 0
0.006 0.01 0.9665 0.9662 0 0 0 0
0.006 0.01 0.967755 0.9682 0 0.04 0 0
0.006 0.01 0.962238 0.9626 0.0208333 0 0 0
0.006 0.01 0.963546 0.9634 0 0.0344828 0.0185185 0
0.006 0.01 0.966514 0.966 0 0 0 0
0.006 0.01 0.962557 0.9626 0 0 0 0
0.008 0.002 0.979856 0.9798 0 0 0 0
0.008 0.002 0.955782 0.9556 0.0909091 0 0 0
0.008 0.002 0.979275 0.9792 0 0 0 0
0.008 0.002 0.977023 0.977 0 0 0 0
0.008 0.002 0.977849 0.9784 0 0.0263158 0 0
0.008 0.002 0.979054 0.979 0 0 0 0
0.008 0.002 0.976419 0.9764 0 0 0 0
0.008 0.002 0.978422 0.977 0 0 0.0909091 0
0.008 0.002 0.980673 0.981 0 0.0333333 0 0
0.008 0.002 0.981245 0.9816 0 0.027027 0 0
0.008 0.004 0.975863 0.9754 0 0 0 0
0.008 0.004 0.976053 0.9758 0 0 0 0
0.008 0.004 0.976842 0.9764 0 0 0.0666667 0
0.008 0.004 0.976048 0.9762 0 0.025641 0 0
0.008 0.004 0.977064 0.976 0 0 0.0526316 0
0.008 0.004 0.975493 0.9754 0 0 0 0
0.008 0.004 0.977658 1 1 1 0 0
0.008 0.004 0.969636 0.97 0 0.0232558 0 0
0.008 0.004 0.975449 0.9752 0 0 0 0
0.008 0.004 0.979071 0.979 0 0 0 0
0.008 0.006 0.971029 0.9716 0 0.0227273 0 0
0.008 0.006 0.974067 0.974 0 0.0277778 0 0
0.008 0.006 0.931959 0.9316 0.047619 0.0384615 0 0
0.008 0.006 0.966853 0.9664 0 0 0 0
0.008 0.006 0.973049 0.973 0 0 0 0
0.008 0.006 0.967272 0.9674 0 0 0 0
0.008 0.006 0.974431 0.9748 0 0.0465116 0 0
0.008 0.006 0.96931 0.9698 0.027027 0 0 0
0.008 0.006 0.968825 0.9688 0.03125 0 0 0
0.008 0.006 0.968812 0.9692 0 0.0425532 0.0322581 0
0.008 0.008 0.967279 0.9668 0 0 0.025 0
0.008 0.008 0.969896 0.9696 0 0 0 0
0.008 0.008 0.967318 0.9668 0.0227273 0 0 0
0.008 0.008 0.964664 0.9644 0.0217391 0 0.0217391 0
0.008 0.008 0.971912 0.9718 0 0 0 0
0.008 0.008 0.963702 0.9634 0 0 0.02 0
0.008 0.008 0.969255 0.9688 0 0 0.0294118 0
0.008 0.008 0.964436 0.9638 0.0222222 0 0.0444444 0
0.008 0.008 0.966274 0.967 0.0243902 0.0263158 0 0
0.008 0.008 0.964236 0.964 0 0 0 0
0.008 0.01 0.966541 0.9668 0 0 0 0
0.008 0.01 0.961039 0.9614 0 0.0227273 0 0
0.008 0.01 0.968906 0.9682 0 0 0.0227273 0
0.008 0.01 0.958849 0.9592 0.0333333 0 0.0166667 0
0.008 0.01 0.866173 0.8676 0.04 0.12 0 0
0.008 0.01 0.960463 0.9606 0.0178571 0.0243902 0.0178571 0
0.008 0.01 0.961853 0.962 0 0.0238095 0 0
0.008 0.01 0.965889 0.9654 0 0 0.02 0
0.008 0.01 0.96008 0.9606 0.0178571 0 0 0
0.008 0.01 0.961654 0.9608 0.0185185 0 0.037037 0
0.01 0.002 0.933921 0.9328 0.0714286 0.0545455 0 0
0.01 0.002 0.936111 0.9348 0 0.0178571 0 0
0.01 0.002 0.978626 0.9786 0 0 0 0
0.01 0.002 0.955382 0.9542 0 0 0 0
0.01 0.002 0.946049 0.9434 0.0909091 0 0 0
0.01 0.002 0.935697 0.934 0 0 0 0
0.01 0.002 0.979042 0.979 0 0 0 0
0.01 0.002 0.946368 0.9446 0 0 0 0
0.01 0.002 0.954964 0.954 0 0.0188679 0 0
0.01 0.002 0.956583 0.956 0 0 0 0
0.01 0.004 0.951894 0.9492 0 0.0166667 0 0
0.01 0.004 0.930862 0.9288 0.1 0 0 0
0.01 0.004 0.948179 0.947 0 0 0 0
0.01 0.004 0.97522 0.9752 0.0625 0 0 0
0.01 0.004 0.976243 0.9758 0 0 0 0
0.01 0.004 0.930848 0.9292 0.142857 0.05 0.047619 0
0.01 0.004 0.975 1 1 1 0 0
0.01 0.004 0.971794 0.9998 1 0.98 0 0
0.01 0.004 0.932146 0.932 0.0526316 0 0 0
0.01 0.004 0.973016 0.9732 0 0 0 0
0.01 0.006 0.906688 0.9054 0 0.0181818 0 0
0.01 0.006 0.966866 0.9666 0 0 0 0
0.01 0.006 0.946493 0.9448 0.03125 0.0169492 0 0
0.01 0.006 0.970036 0.9688 0 0 0.0625 0
0.01 0.006 0.943676 0.9422 0.0333333 0.0166667 0 0
0.01 0.006 0.948549 0.9478 0 0 0 0
0.01 0.006 0.947885 0.9464 0.0384615 0.0166667 0 0
0.01 0.006 0.973416 0.9744 0 0.0434783 0 0
0.01 0.006 0.972417 1 1 1 0.04 0
0.01 0.006 0.926052 0.9238 0 0 0 0
0.01 0.008 0.90028 0.8996 0.0576923 0.0909091 0 0
0.01 0.008 0.966633 0.967 0 0 0 0
0.01 0.008 0.924185 0.924 0 0.02 0 0
0.01 0.008 0.824684 0.8224 0.0243902 0.0172414 0.0243902 0
0.01 0.008 0.913131 0.912 0 0.0188679 0.0294118 0
0.01 0.008 0.971411 0.9712 0 0 0 0
0.01 0.008 0.964421 0.9638 0.0227273 0 0 0
0.01 0.008 0.964058 0.964 0.0217391 0 0 0
0.01 0.008 0.923539 0.9228 0.0909091 0.0188679 0.030303 0
0.01 0.008 0.962874 0.9628 0.02 0 0.02 0
0.01 0.01 0.876127 0.875 0.0178571 0.0666667 0 0
0.01 0.01 0.85177 0.8516 0.0217391 0.1 0.0217391 0
0.01 0.01 0.960655 0.961 0.0188679 0 0 0
0.01 0.01 0.798038 0.7976 0.0681818 0.226415 0 0
0.01 0.01 0.935949 0.936 0.0851064 0.0188679 0.0212766 0
0.01 0.01 0.912295 0.9108 0.0172414 0.0363636 0.0172414 0
0.01 0.01 0.901321 0.8998 0.0208333 0.0943396 0 0
0.01 0.01 0.959025 0.9594 0.0181818 0 0 0
0.01 0.01 0.899639 0.898 0.0204082 0.0526316 0 0
0.01 0.01 0.880208 0.879 0.0204082 0.0526316 0.0408163 0
